1 0.764015
2 0.868963
3 0.843001
4 0.815544
5 0.786915
6 0.757372
7 0.727188
8 0.696660
9 0.666101
10 0.635821
11 0.606108
12 0.577223
13 0.549398
14 0.522814
15 0.497615
16 0.473897
17 0.451717
18 0.431097
19 0.412020
20 0.394448
21 0.378321
22 0.363559
23 0.350079
24 0.337789
25 0.326591
26 0.316398
27 0.307118
28 0.298668
29 0.290967
30 0.283942
31 0.277526
32 0.271660
33 0.266286
34 0.261355
35 0.256828
36 0.252659
37 0.248816
38 0.245267
39 0.241981
40 0.238936
41 0.236110
42 0.233481
43 0.231032
44 0.228747
45 0.226609
46 0.224611
47 0.222737
48 0.220976
49 0.219321
50 0.217763
51 0.216295
52 0.214909
53 0.213599
54 0.212360
55 0.211186
56 0.210071
57 0.209015
58 0.208009
59 0.207053
60 0.206143
61 0.205275
62 0.204447
63 0.203657
64 0.202900
65 0.202178
66 0.201485
67 0.200822
68 0.200186
69 0.199575
70 0.198990
71 0.198426
72 0.197886
73 0.197365
74 0.196863
75 0.196379
76 0.195916
77 0.195465
78 0.195031
79 0.194613
80 0.194208
81 0.193817
82 0.193440
83 0.193075
84 0.192719
85 0.192378
86 0.192045
87 0.191723
88 0.191413
89 0.191109
90 0.190814
91 0.190530
92 0.190253
93 0.189983
94 0.189719
95 0.189466
96 0.189218
97 0.188977
98 0.188744
99 0.188515
100 0.188292
101 0.188076
102 0.187864
103 0.187659
104 0.187458
105 0.187263
106 0.187072
107 0.186884
108 0.186703
109 0.186525
110 0.186351
111 0.186182
112 0.186016
113 0.185852
114 0.185695
115 0.185541
116 0.185389
117 0.185240
118 0.185095
119 0.184953
120 0.184814
